$ANSIBLE_VAULT;1.1;AES256
36653661363461363665653534353366626362626535396661636130663264623435333934313735
6666656164366439633066306563616636616232306638390a663363343962316636303664666135
31306466613437373261393733303331303138343636306563616365636638663632323531666434
3134636535396635660a616433393964353865646432393033613062373930613131306265323463
31306538643736383361386666333762356430623031666461336636333039363138303362646334
61373234653265363933636264626133393565313561383333616438376337373161646565363364
30666264666439393863383439336437623662663065616333663362666633313632343236326135
39323864633965333138653533616531386661373438623430653237616231356338626436643139
66343663626132663937363535626366653166613762623765663135643532306539636133393766
66316436376631396133353763633138363262616334663066666362613330633535656164376261
38333638326663333563653537383738663131323431313937333137303961643039613336333662
35393839366663643763323862333231626139643232646339356230663365373439623132656565
65366563386530366161636236626239353766653232333139366662313039616337383466666661
35613738323733663035623834616265636463376430333464633563666138336365613236363234
35383638343066336537653236373365343738653238306437336231666433346661663836386435
65303738316535363764356533643637643230313239623865623162366465666235303433643831
33376333353334396662316564306263336234323162303138363333373130643061623264323839
39386635353432353662323731383933613330666361356239633663313330356265383866366531
38616666366332653936616664376631366335366339336436303264343630643263323531306236
64626430303563613630663739333062393732303634666566313031333965383261316661323163
65623062623838623461633061643764363761356630393333323163623066653732393563666234
30633736333636396162353432323637323661613064653161363537376430323030373439373631
64323538373737393330393932643639636362393832316264373036353336663163363266303235
65633639666664616365316437393162643833376231656130643539663266386337303438386435
32636433623239393830643132333365613536343139626335396664613736336234356263366136
37326132646662356265396130333763356235323432366330316136313132393664643639646337
31313334343462356562653865653466663162376334633261333833666239326438336662323933
64373531623165643738613436326331663637653933343033643262333436396435333737336335
33666166626434613332643163393961336432613432613031316138373963656134633634393163
31366434333337633431303330653935356461653764393262313162343063616664373031656633
66653730333365363336663266343138326434356537333466316632613333343564366334633036
63633837663566343737643064313764366635623161643136363739323566303862373532326263
36633862396335663262663834313362326637313761316637643666643466383833303563633236
36623239373037306663633462636563646137393762623861643736663861326137623037333938
62386338323736633639336335613365663736663736623132343430366466376562646564653762
32366232393166316565636333393731313535306637313735393663343837636535666166343138
63336165326233326535316562336439666263663237366436323665356131313833366461656534
30663539386534333063333162316166366264346533383066663463623237333336623733316365
36366130623536393766343465623363613166376132353462396233633132636465623366646266
38336361383433306134326664623834326566373734353465656538646537316434643136623438
64616634353461316633313233373266616232646234393739393663316435383339373465623761
35393161373835623862373230313361353562353363313337656335313838633264666234333639
62363330386532343661623764316638316139333133336363393063643466393134363334303438
35373733366665633935643865343566373236346638616131643332353036396135326137616534
64643263353365393130393632376566383134656331363135396437623162653438323139303133
34326362376131656235316536376362363264373835353663383061393363643363313535616263
39613531656630303161653362396163366462363764346533613161646139653062383162313236
30633462656435393165313438323665653837623536333464643631376132316139353634376465
38313935633430303331336362346233386161646162356234656464663536356639363833333234
61333662643233313561666535636164636435613430643638383664366163336538366264653233
61623665333035366632636238633461373364376166333861363330386439326430313563646364
32623163656137363139663336363636356232376438643138366535353061386437633161383735
32393832633365343536653432303633633631383634343534373665663231373933623232653335
39643630383033643065396139343434356536343132346566306134393862633263333764313937
38303834373235363937316334346134666134646337366533336264613434393739653938303965
39613332313735663438366136303230343439356266633638393933386336356666303263393933
39316637326639326361646530306465303434316363376666613161333333366664646561623236
66346533353063313531356432306239383732396131396461323464393266366339643535376235
62353236333563346631633261376535626536636463343666386561373738613736623439613130
65623333633361633364393461643535326531663439343335336639373433363435643164363339
66346666646466353464363432356366396266346230353862393662393733353336316463376437
39633966643566343931626337316466613330333365306664343461613738326330336161656536
39663962353061333562353031666434316639333039356336313263663235346239353764363830
64346366323936383066346635393035353232613266633532646532356364633634393337656632
38323134383138656133383436643839636135383565323464626337346165303331653237353435
62346139386535346662323463653038343866326539393262333063333836643961613061343666
36313033353034333931383765323130663331356435653032363362353530633266373134313065
32326238306464323063653734623266306437616237396261363132303037326636626130316365
61636638616633393661323031383630663932303033373565646266646565656132303634393630
39333835376532313561653633316266396661653533393932316238383232646333623339633338
34393332646436376461633737363839383739393765643931306661356433653664656436663066
66346139646137653232393237343866656638336661326365363361616638323161303635663237
65363332626238343366306437346465326134363139343662346638303938326562376462393764
31343162393761383632303535656531343964663733316263613362623666663064656666636138
34316436663564333635656435333832643433613734616164623736663330353937313535303038
65643933646432626137383562363530336339396632356463366466666435623436376330396463
61373765333836303862376463326233646135393939363332396435306566646134363461653730
62393862386633643735636661376133323565373336306230353864303063396631303961633937
32343733646133653236663963396664626337383566303931626562616334316231376564656662
66313763373130306164313031363332613930633136633666303135343766373137643939616164
38633739346430623561393435353735303863616662316239306634613535643634613336353464
61626631306430363139343264613031353639343138323032343964616336623135383735353366
63313437373362386166666265303632643433343665363334663862616133616661383737313966
65636566326239313531613938343134613932353762383265613364383938623137366662303865
33373264393138633036653139376138326266353136366364303331346637313433306263393736
35396432366264643635363563313035346366323239396430316439623838653364343235363764
63313364653363633663383565303435663434613137663262386263313661386366613538643430
34326464353836376365396630313930393666306638626563363335313634656166613365313532
63613438316230373032633631353732613133623133613964336130303739323638646664306266
30366339613831653161353063396465626663373362373033633239366563306637643030323837
62396464616566356538373061336365386334343535633963666131353466396633366535623761
61626562633762336637343237316431393765646330666333643462623437613261396134306438
39306133393166656266636534353565386338613038336466343230376664313965326234326231
31626431626433616132313531363434373666376565303037653538303134363135633661353434
64623431613633333336663930666338326661616234343066366362643932653962346134386536
34626135633439663931363666383032306634666139663762393234366161343163626238353838
35376130393533353832336262356163666333376362376131306361393737313832653538646366
31346636343561316531356561336336376632343136383162343333323461353661656165633161
35396332373364653734373336303664343233616361613435646637653863646631313034326566
36393534633138336138663136356666346433386263336265643963373863643964376162373366
61333430623262613937313561343633626631666238366264303230373236356366343935616266
36653534353930316135353263623762376163346334386635383139386461613233386662613061
65353138373462373038313865343232613434636261373735653037373530376533383165616531
32666565373036396335396637613133393130303863373761636230396231306163343535303433
63323137386632313832383933323535356237613935663630336531303038366262633535636337
30626338643632366138373762306638313161656563666639393039376364626162333135313535
30306431633262343564363533623038333566616235636135333939623035323230303131343536
33336630313562386231613137376239356531343032356630646234643433346138376162313932
36636665613632323738616432663033313866656434363133356432653866326539633336663964
66343737366530333235366439396537636337333662366261633531386636633138323438393261
63353031363532306534323239383461363737646230326136376134306463356631346566643337
62636233623138393237643466633535613961636239326133363337303436653839333939393730
36626138616465366537373435616661313039396633393031346631333631653461626566313434
66303437336431333939373365313434386231326566393030623262393432353163646161386564
33333538313831383135656662343136306561656266653037663037663333336630663863663837
39636265333166663464633363306137373232313334653236633634313632636338663533326462
64613339646534643732303065383932343230646262336239306538633861353535303466366434
32313934656636366564316537336165343265323235663535353938353930393132633065623632
61633938333833663766666335663538323563393261663031623034656336353163316161333566
38653735666631643930306666383465666366373234663837346534373632326439313633316634
33626137663133613633333836363237366162356264633230656539313861376262643564316333
33373561343863316566663030343165303561383237373332326132613931633534313831336131
61386561393865656463336632616334376135663536623764653032333230323131643839383433
34636230623535306134616664393161363332643364326636323966363938633133336135393539
31366638623036653566313135623361616564393935613661343230393264363330313063373663
32363961386338333365666339363666626534373962613931313266313033656630343330393662
38353533366665623964356237663731616161633638663737313664353039353866626631393263
30373530303734653934313130373836616261653235666332376435306262333366303735373865
34633361313266383466623837346533326532306361623837613033653738353632383839626230
3436313361373064316433343264356137396136326438363664
