$ANSIBLE_VAULT;1.1;AES256
34356137383064646462336631353434373865353362306338323636623239326230666431643438
6434623831353365376237313465323738356364393666390a653132316536313333303637313166
39333536623363653434643434323731653061333531643664646630326138623062333132393364
3238353637313234330a313138346162383038386666336137333839323633623434653866376530
34646635646235626531653766363739653061363661333461333662623632626638356131336137
30316636663736333333383333363036346139663533313634313434356430346266313830356331
32623535333031336432313830343032623062666265343137653463636630343532646631646661
37343739386434633330306434323763356463666537323638376434663066613431333961303838
38626164393036376465613036633931636332666331653930666164613338653732393937366265
38306563653632653562613361386633383462363135323738336262633233323065396165303231
36313731323663613236643566393434373132633933633261373863626339306364653366623266
61333636353766363837373262363461316461643731313138336530633931643339393439333235
33323339613630663130616532356663653338623765356136616263363231306433376238643137
39333935303337363864666332393138326431633237373434383061616632393065366361626237
66656166323137363534366237363438633964376165666232343734616561333831393037333237
32393930383035336631333535393661653933313366313262326532626537393936663162623938
35316337383436363732356431303333666461313330303631616434633036653337393335646530
34313462666536313136353735636333303437356565346632326362326132323166306264306434
61323431623764316537633334343562313735396562306535313133313633366363633838613731
62393066303461376138366463396431626661653436643861353565363566353262336634326366
62333531326563326661616563613363383730633135656665326636333230303863
