$ANSIBLE_VAULT;1.1;AES256
63363862636631333666353735626330633136363663343238323635616234643233666361363036
3262616262373766656530626538376164316332333965620a383439613639666265633737383965
64626230393465373931626131616133626135623131306464663166653035366538323239333536
3138616337313631650a656536656661663330633938346432656332626333316134396139616533
31653964333236623530373338646135613339613262373765663264306630376661396163633861
65363238323865393730383764353735366463656536396636353236626165623365306339363736
30613963353033356165323232346461366661303337373635366631313066326132633933366565
32633639643962336439356163346666346330653331316539323832373037333664373732363563
63363438646431346236613562303130363064306133643164333434633735383430326562393839
34373264323630636639666366326161346163653565663562396362343461646530303366336163
33623934303562376361376664386462613863323966643232336565653034353261316539346136
38653537626365316265393331643563323365376663613830333866343639313831326564393161
36303333373836643361333164623463326137393865653761616236353038316133633638656264
38303263303834636233333264376132636130356634616162316330346237313766353136336238
34313032646666303462613932333139386566633338626461666364356137366534303061346566
35306464666565386130616435393061646266666430323663623832333564383835613465643437
39303064333661616130656139393839643539653036393934653235663763343864643562396134
38636136363861396135303631316537356531613534383233313966646530376363666435313732
31336166336332366565666138353737373131613463316132343461353161353835383533363133
64333665663362396231643636313230616664653664643639373239666361613461663034663963
33363462643138613335363933313836393336336464356334323031636631613738383535383861
31303136623235666135303264343633363434353437306363303237373061653530646465356233
33356438633766633034343232643034343266636266666239303837343437633834326265633464
62353037626365613163306134303038383433393335623466613263326234383539363938353837
34346234336233383135643739343534396338346633313864303438376632393731633064333638
38656334643663613064313064656264366562343762363761613036323137313030386363316366
39626563303939333930616138363935323739323934363166616661326538313661663537383266
34373431323832363465396566373762313236306535366535336462616265393337383764343062
33613133653336366435643536323561306233666438653731316134396330343961353566623061
39646239323434636462343238323265313237633930306438356133353430626533643439366338
62633939643931386135613234306431613532333362306431653134636562636666663831313166
32366163343831373061353761323732323262303738623138316437373264326236383631303733
31343735373066656566363337363064393861613038356435613332343636623939636661643934
66636663333064326263326437353538306235393730666564303233373366373933643037356263
64383465333662623561306335393932303837643262616139336131343339393265616339313639
64646166336234646238646462646234326461643733306362653763653738613030643331323563
31656334313838666234386336623335393131633336346361623237353032373939353264383439
62383864376530333433353863323866386431386335306566393766646336333931666532383930
66396366376237343839323531336366393331343736363031343539313135353331383231373566
30363037333336323334336634613630383734393163666431656636643137353838633831643463
35303938366137396361616434343635373631343136323131383035356630366334666665383165
39336635666364613337336164616564363231626331363738326636363134373861396332383166
36613937383232636231663934626630336438666562643030396661323634626239363931343839
32636364386466396535386166643066363334343666353564646566313961663438313235663638
63376461616133306139363530663835366434646334356230393931363766306166626166313839
61623539373137623631616538643732323466313165663537363231346465306331356637353665
64616130656361653930653138316533323266333639663466653437373366383965653465626237
62326465313863356335386438333566386637616134373639653265656231663733366366353031
63333139356663613531306631363234303262356435323365363861373431636237383939316531
39613734653264636665613139323938363739616133313734383563323261336136346635653965
63656333376333363262353033623839666164613536623630326364333865343830376334386431
66363664356235383032303132343532353432363330653636393434663864633032656439393532
65303862366332616639363431626264336163363837373131396633623863376331383462636365
65663833613963326230313738616234363833666464373033383130373464396339356333353562
36626261303065306535636234396663386539633435366235616166363663396336333336646532
39396663336437643738323936623733313434343765393332326363353438646534666439353865
38366234636565613166313561346137663332343537366139616432346335666463653932343765
65313630363265383832656638356634613339313737616234353934656537393439616633626161
63353731373638633863303661306664623163613133633533373864363634613364306664303466
65336630313638623136653339356466326137383163303463393238376637633137316563626366
34366464346230323362623136653963663838616437386431633835373738626131626663393063
34323739366634653334393662356238653464376232616534333663616266376630646638343032
30613662306430626235366531356634636433353535623764663665643962383162343637366635
30366366633633656138643039333231643235616661326230303630643533623264386438306130
63343333623066646536303937623532623230613566303465306631393463323834323964323064
33623331353336313838396334333134366234663535613764666233666131383466363465623631
39316463643561653132396239623237613739366237613630353564653165363836363333623030
35333164613130343730356364613230386237356430323137616163333465366439343731616630
30623530323563623761643035646562353837306137323635653765393437663933323264656463
30656135653061633439663130383933663938336237393033613631313231303761306431663133
63653532616365383035653261393562313833316166386561386136373834376439636432353138
65363566653537386136626536306361363233626631653665353162303164366135656335353462
35633936343439346332386163653632333630353664653466306565386561313836313765313735
35323965363637626261336439633530316365636138353363633633623333323337313364343131
37616464303739636162353565363462383362653366613665353565646166633531646633383266
39643166343961333338616133323238386638353537336638393832623230326231316161333966
3961
